301
2569
3789453
112674982
4547683
11423594
1111111111
222222222
8954231
1232456
1153369
100000000000
474768579
1
2
3
4
5
6
7
8
9
10
11
12
13
14
14
15
16
17
18
19
20
2569
3789453
112674982
4547683
11423594
1111111111
222222222
8954231
1232456
1153369
2569
3789453
112674982
4547683
11423594
1111111111
222222222
8954231
1232456
1153369
100000000000
474768579
1
2
3
4
5
6
7
8
9
10
11
12
13
14
14
15
16
17
18
19
20
2569
3789453
112674982
4547683
11423594
1111111111
222222222
8954231
1232456
1153369
2569
3789453
112674982
4547683
11423594
1111111111
222222222
8954231
1232456
1153369
100000000000
474768579
1
2
3
4
5
6
7
8
9
10
11
12
13
14
14
15
16
17
18
19
20
2569
3789453
112674982
4547683
11423594
1111111111
222222222
8954231
1232456
1153369
2569
3789453
112674982
4547683
11423594
1111111111
222222222
8954231
1232456
1153369
100000000000
474768579
1
2
3
4
5
6
7
8
9
10
11
12
13
14
14
15
16
17
18
19
20
2569
3789453
112674982
4547683
11423594
1111111111
222222222
8954231
1232456
1153369
2569
3789453
112674982
4547683
11423594
1111111111
222222222
8954231
1232456
1153369
100000000000
474768579
1
2
3
4
5
6
7
8
9
10
11
12
13
14
14
15
16
17
18
19
20
2569
3789453
112674982
4547683
11423594
1111111111
222222222
8954231
1232456
1153369
2569
3789453
112674982
4547683
11423594
1111111111
222222222
8954231
1232456
1153369
100000000000
474768579
1
2
3
4
5
6
7
8
9
10
11
12
13
14
14
15
16
17
18
19
20
2569
3789453
112674982
4547683
11423594
1111111111
222222222
8954231
1232456
1153369
2569
3789453
112674982
4547683
11423594
1111111111
222222222
8954231
1232456
1153369
100000000000
474768579
1
2
3
4
5
6
7
8
9
10
11
12
13
14
14
15
16
17
18
19
20
2569
3789453
112674982
4547683
11423594
1111111111
222222222
8954231
1232456
1153369
