1000000000
100
353536528 690787988
189822805 946913505
394132901 695409665
892367450 927313451
683198751 723506263
106682199 543600660
377447512 374239933
497308939 108599657
469637944 902598916
447529720 399326017
391690603 776445653
157221051 54110246
661692194 304145822
708215640 597412583
17223535 705688883
905129967 62984647
918399002 632333424
244560642 390066633
70249821 535840955
389390874 414543751
291625449 589369356
353099698 132943999
477390520 344038576
844046747 479418407
672514100 946850931
283625135 236831119
249496276 878444635
351541487 392068146
877984257 406999663
62638325 564397888
139399726 380659663
478338806 677311469
983761820 53742625
311934721 806316880
215986347 707774860
621161358 694741045
553967735 75662051
889701609 214126473
459327753 69440765
227195812 782646500
259672547 814644159
826990482 736015474
39382460 902107001
811051831 415594860
382747152 134966383
37489004 853954852
982019919 238952518
470826128 916759899
769345177 827433178
870321670 179921729
55100972 33357367
567224135 314893132
59097886 271241306
483386380 736747190
887741806 352280575
957765978 803495922
339118459 82313661
972550114 376054952
311301155 99951891
586182971 78790472
398111732 982088918
183842285 110841756
763837669 342557515
555585724 566700992
132745782 95947829
459001985 127694740
882080409 628791571
920811929 611486974
172030543 966735399
42232994 404873769
725746026 890988284
282625045 690067817
943806563 699930992
76320827 978647615
323441518 108488468
141476772 540060070
304452445 480301637
702190201 234959152
377234784 273170751
494637863 906335515
8292665 260574171
438162640 15186733
471677770 371159977
911072905 40069712
502529097 132042331
478058850 526085377
949789050 307987544
217060388 230170193
359652429 983909245
72739891 554882916
212540369 593960358
40891627 196760118
143968058 77224827
4078464 716527804
878435424 193997375
692444767 112382605
95981822 725606585
324907226 824504809
379396830 179489009
278512516 375161311
100
648944242 48129932
106932705 902176515
832548578 397283462
293671094 576782446
68098240 171351467
637888391 37371647
221964986 444449142
477028460 121437984
929138286 662493572
111005 793268877
146038735 37780565
54319719 659550725
911288346 797977958
53835942 229811815
136587567 352666147
463595399 77945291
701055803 8262114
583849767 575262275
342931858 391843133
312648357 853601790
994648439 733678167
983423098 983360914
169057442 76936624
23295725 140321832
189391777 886730138
410595680 449428563
43591561 353834041
537145080 511977763
703455987 136248127
924993928 488378155
51174518 113867952
513219199 236544628
699572469 463245402
124180661 487354485
436759582 110622579
86191035 343631988
43685545 757296387
419857466 314662220
964103687 334094765
866989644 134399124
658889582 274264232
550470964 109991045
274080159 638707550
319423527 642409288
979164581 709890213
348583979 868923241
26838459 205902777
143982693 773278302
38966890 931432146
927357746 444646454
205666623 721639973
95405482 689354105
783367387 127743175
828413473 1673474
115189796 94781432
252471708 191268907
62325104 494359230
463783198 139943541
156326085 84789953
472443980 966266297
797676755 669643727
572113966 295811342
342918856 387446989
852517529 902372262
274949587 362962296
501185620 717703121
532060213 173451128
345045218 119074928
380948320 508924618
29604421 968243021
467824476 27759325
14766387 471229706
60373207 864803498
777913336 121082389
461166072 50889831
446272632 507365810
514164708 946169619
932835817 151115701
373187485 369415578
984986764 562281153
626691718 613352715
131141224 624831552
549475147 588774998
305813480 760523923
604008603 352565249
937526830 831789523
733403912 8720217
133825721 733484166
769539145 981974592
855588095 930187270
21149671 37657788
328943475 342738627
103686838 256418638
220799588 328836747
608345834 441176781
66953265 318102249
502027687 762284138
233063882 556074637
382916248 673420706
738591627 736705187
