7
9 3
7 5 2

21 5 
1   6   9   14   19

21 5 
2 9 11 18  20

21 6 
2 9 11 18  20 21

8 2
6 2

16 5
2 5 7 10 13

108470 11465
5798
46105
79411
55012
77767
80776
62372
83020
22880
30746
22212
6124
52282
45592
85552
34441
14426
22770
64062
46364
3336
66498
56451
71047
37603
84625
2413
65676
66965
23353
63210
26332
69585
108006
73289
8250
99702
23481
83007
79516
93643
94163
49859
55094
25170
20148
70576
88080
98787
84166
24019
28390
36415
98077
18010
104536
88036
51083
91304
63494
49730
69609
98045
30621
83614
19758
38277
38798
72259
35051
97354
23362
38658
45592
62001
22526
3349
76872
11616
86354
15809
13042
67870
99803
3436
102438
38516
74016
39185
19960
36739
32077
39919
97747
75146
1993
57845
9820
58064
79351
98830
19964
31775
80165
73152
62959
75399
39226
49975
36758
555
97177
72988
70649
82216
17459
2212
34916
45076
104938
37014
58161
48681
57949
99947
13254
40595
41311
19466
28301
81283
64550
5704
35669
13667
80136
71577
62104
84004
101498
78787
81429
107235
90743
15582
62494
22500
70180
89118
44445
81196
17650
20453
32074
75533
73080
39835
59220
86998
102430
63769
10602
55691
36478
89784
98397
84478
84488
35028
90260
19823
51129
86970
11701
102318
26900
68714
42686
10304
56310
78494
92844
95412
5322
93737
29495
47261
85889
20839
30472
80584
15144
94911
39129
50661
19453
76514
21223
77789
1790
50614
51507
7751
35268
100577
58472
17347
30769
86313
90543
74617
98241
35640
68923
51237
98338
24178
36847
5213
48285
27147
7812
35662
52440
50436
105638
97248
98231
15885
71162
2818
48376
40761
37721
84430
66824
27705
63457
79863
98623
76119
98293
106899
46181
29168
56979
25305
100178
18903
98666
2665
107361
26334
56030
81652
27679
51015
33987
33538
237
78295
76078
53767
70321
90287
100337
4544
34921
15642
9436
102169
25117
12089
83397
43721
81623
15037
65826
47514
20266
75367
104307
38989
39483
86097
69902
94189
88676
38108
11523
105080
84987
101313
10904
17545
72030
20954
210
12561
62025
98012
51679
92058
44917
41324
3752
24570
54106
50015
45220
47952
63752
62161
74407
99418
87942
60191
46098
31730
103147
55415
64738
23189
19953
73615
101122
72006
68179
57027
16229
34486
86234
38035
101066
40764
105503
66291
36983
105516
72626
60943
24993
31576
26809
53464
26790
60539
36857
30075
24187
18786
16481
1289
78546
54624
60521
29423
7015
77052
105256
18994
62305
93723
83664
45741
43871
96122
104098
101022
27295
88036
99319
41759
92738
15844
20672
13224
78945
76541
24765
62256
103637
60126
85992
42481
54541
19540
75409
81862
7365
71575
15329
17097
99220
86481
61226
81268
105743
89213
31443
91312
78876
24044
54334
74423
86838
66652
52037
84107
13660
50836
98521
28928
73516
5149
98878
57596
95055
9703
77721
106705
71560
105140
61754
101677
52925
19929
15693
59916
29460
57374
20471
59442
104305
65129
70404
44202
9017
51724
67959
82800
90731
69015
72559
25960
55178
102740
101355
69206
75718
31176
71913
80968
18028
93385
50133
9059
81839
63563
85236
92926
106200
1116
95156
42211
12170
8282
5378
1186
57404
45754
51963
83608
94594
32970
90501
81962
3546
17293
101493
25731
90897
6703
68011
86962
65392
78165
46551
62942
2394
78588
95723
51105
362
39193
102056
20436
86053
30305
3492
7574
102958
35979
48202
8795
99871
6146
65506
59960
14418
3424
15817
26888
46525
58160
74374
94757
24947
75621
39244
25256
97500
30123
37698
50101
48792
99351
86573
102850
96000
29726
39169
65518
64921
89311
38595
46146
41492
285
98412
8926
32424
14196
21555
97634
99397
47220
19004
20474
85767
33514
13262
102398
39829
23043
69886
79583
105432
88120
89445
80813
57532
59280
108
34440
85656
84210
6393
63711
91164
190
86220
93439
51760
72396
64202
25367
93722
60421
80926
52903
31501
63431
17970
5896
69172
84967
33961
34420
67453
45171
71799
42482
71131
82145
20782
8264
18337
69207
42011
107484
51746
67898
13377
96935
103181
84943
58117
55831
47431
15776
95494
96345
97991
98839
77204
96979
1551
46967
13759
77414
29576
6078
3225
54608
30077
68017
95112
62629
25451
76460
99356
2549
93629
27154
36669
87644
34261
62685
24369
10424
73374
30241
88467
732
96672
25535
22163
4307
40101
22869
93258
36124
94340
29056
105233
22965
102377
99615
28979
17017
36619
40150
102872
63144
11250
94802
70844
19780
29755
3363
5447
66810
92741
69515
1419
20882
30525
4930
91002
65136
102363
101553
93909
7129
84669
1301
72360
14846
96353
56088
87212
77450
58956
29699
40445
85310
10016
62979
20031
35569
29500
14340
59806
55258
88313
12105
89098
60599
95822
26504
78697
84086
22303
4483
21474
59066
90086
93108
98810
1725
76232
79439
39285
34791
102611
46634
16019
97451
73645
65356
37609
73179
2944
22123
47432
20644
74630
68600
50382
21128
58713
20117
59384
97017
46073
100512
76312
77899
73010
7291
6134
36093
70543
104134
8873
83259
94284
23462
74955
74093
41813
6256
95250
103553
73698
35265
50331
20373
50079
24556
75694
27463
80622
60069
9229
43852
71566
47618
52165
81783
80754
14615
67779
82096
9694
87563
23048
7339
15557
32872
29079
22389
106134
9947
104640
59673
89853
82294
36447
53070
4276
31983
107910
81424
70337
96247
69928
40662
33507
10294
62929
54183
100946
10225
58756
57212
77957
105400
27576
5665
23011
54072
55817
94981
35994
66977
93673
73810
48729
87846
18734
80347
28213
27673
80128
9055
15543
86678
41626
6296
72988
40188
90583
45224
76929
5071
106501
8360
28334
17310
71315
27294
95730
16545
107597
99074
42517
54723
77176
74698
26408
17012
41029
71971
2931
106489
83378
35364
1129
32427
35812
98185
42952
1688
52146
45186
58114
42696
34003
10299
69377
68238
61023
38601
39376
51772
4042
58367
60019
44582
59558
55081
94658
29298
74000
36113
37416
85947
89461
21240
69521
40557
77582
47467
6675
102723
96346
88017
84193
34632
11303
87359
63630
65106
34198
63249
108302
99370
46471
48091
88217
59733
6588
88038
10
36554
101050
90143
46746
90623
31678
54961
100709
7070
35270
2305
34876
11104
88238
21024
46597
51878
96008
74070
39626
73155
80503
68851
8669
90707
839
11017
104591
107248
44829
2549
16670
93581
64929
3928
56205
30292
64796
28156
42336
53827
94793
71061
40295
72943
88327
25337
14857
16126
36420
89360
4573
81408
104031
80315
67117
61675
80593
40270
71003
95566
10493
73213
12055
64516
6006
82979
37413
10562
17095
11553
37051
22131
104327
32767
101268
6928
30989
51465
104943
63528
21969
8758
106859
26012
77872
107037
90321
48241
50702
26789
64665
85688
15047
19030
70015
104738
105811
52082
40609
101149
58694
88878
50761
19367
61974
48310
312
28332
38079
77889
85983
52879
56410
103055
30395
103825
79472
102989
33916
76299
10446
34195
54587
31611
28616
79451
35286
99684
35446
19296
51423
48126
20960
91455
35803
8631
15827
105819
58966
4692
14977
78823
70807
77902
14826
54379
64165
1732
18095
103039
12903
60883
234
80277
16072
5091
89314
67045
105756
93447
38531
66933
60654
21910
53539
78857
101550
70896
92385
106129
20441
100513
16255
70058
30864
99275
58844
22066
102389
215
3877
58268
98540
2264
38234
49519
11470
63148
63371
88379
69396
75269
90538
56912
76605
106740
26030
95930
73604
94600
71037
72907
17827
62802
76977
60848
67356
18806
37051
104664
90229
102279
53780
72935
85842
12669
52130
88872
25323
74766
47633
16869
43841
36902
86585
74771
58576
5707
23852
59422
106916
53517
61017
87649
99132
51370
86389
14748
46049
78097
75275
30725
107243
26319
76397
96443
3627
97465
104818
36969
60833
85855
3
90160
17519
49455
32277
22551
100048
61342
85717
97150
4739
79413
16569
100681
5202
17456
45097
6061
81638
67123
61501
80562
21425
63742
10333
72042
26207
1097
25605
11685
68562
696
8461
99432
67747
103249
78630
94514
25270
17681
105731
30877
107994
41081
43873
86594
65551
74003
83146
1747
53230
89013
88116
49661
56610
26514
15444
39834
21092
97506
24439
4375
38965
46368
17967
55933
61003
5277
27846
55446
46072
82991
75042
41922
67823
45421
17930
71
77075
65929
44035
38347
56184
49726
39736
56001
60072
105963
11881
92942
20598
54832
39010
45697
46426
39056
19726
62810
46642
31376
46001
75633
33139
62137
26476
105760
62956
5820
28861
12413
13248
103253
21377
12820
67152
40926
63224
36370
4484
79978
101926
101806
21221
66976
98966
86026
43145
15255
36449
77280
3274
74679
34412
12025
63796
74373
97188
17336
60184
34482
16699
14182
28108
106335
26245
11886
2375
29741
94881
95923
34040
18043
58850
57627
30942
77772
57464
91772
60598
55342
62477
71908
75072
36585
8839
20237
13421
22537
90985
22174
21044
94683
96338
32796
93871
10322
60230
25086
42488
23130
69996
88082
39488
30000
35466
86600
40313
73580
28182
6054
99020
63558
31393
105382
98173
11213
39185
13282
80435
78430
31888
28256
30773
3486
55378
50263
29172
42680
33492
94773
30364
64041
94829
693
16027
98906
67446
64517
79590
59938
96769
86686
26172
75978
89401
52930
85826
13546
50758
39226
103416
48630
86242
104442
35616
39856
86250
6225
88041
54931
28143
99646
43080
85593
84179
79639
68939
39636
27254
102592
74374
12705
70172
75905
51555
77642
38829
32631
64610
21290
836
71804
104738
40674
77856
4211
40723
44828
4991
9078
49890
76132
27463
107316
70072
12599
11422
38682
69843
7772
76309
60909
75230
62998
24904
19127
46458
96484
79631
104741
52186
9877
48533
92454
75631
93900
76510
78982
72185
47475
74914
17261
53690
50139
44339
57571
3230
99594
98203
100793
82539
99787
83851
12351
70296
39625
97450
34596
79446
45192
15550
14167
78211
94547
2211
98131
88294
74300
22396
59984
38254
57888
73239
57141
7556
82194
50096
59118
41550
51942
81316
84329
47700
52341
78740
36467
14859
21283
10934
75305
66368
19354
66589
26923
52835
87656
103926
57613
104484
58960
20196
64977
56316
24095
74903
21067
64500
48215
85291
77150
26476
82662
58118
83476
13160
97642
72859
35281
60908
9904
99525
67076
34864
8685
42349
18744
96988
43012
31892
83645
65406
94218
105124
44507
16121
57848
93380
84768
26436
87269
29170
72650
27493
89332
23275
76116
21057
86354
48711
83024
40222
63222
22316
43951
43024
65653
65498
71626
106781
48062
50638
25746
69124
106205
79080
81418
86438
51406
5490
14796
83782
53723
20821
70388
19144
45412
34201
104670
33525
57489
30611
101663
9965
90676
50198
60299
106603
97838
14556
5439
12141
93480
100323
96769
67286
81554
85877
100806
95629
105538
79071
98439
47647
9859
77528
59511
87393
104651
83866
61392
33194
8330
7310
64216
24309
12825
92891
21267
39926
16147
25056
13301
7689
71572
107343
4127
74236
53750
100591
40003
19665
100379
96468
68947
102151
1885
33392
42053
60281
40383
3085
6941
90982
19019
86608
54589
63979
85111
107485
20227
75748
100936
99548
38279
36652
24727
43901
58006
9336
35588
95175
44012
38638
44010
107778
56117
95991
107663
32195
64513
43632
69064
8086
7558
16600
49565
46078
42875
80770
105445
24258
65374
73347
61565
58688
56005
69772
73099
79204
97664
30890
25443
11028
11358
66412
54044
24757
68831
16116
32240
85542
82068
4004
31949
12629
71059
50821
8477
41249
37183
52118
59971
96186
68909
79835
21723
96175
7710
74644
77362
106808
10938
81308
85126
81535
67534
39212
57984
61768
3824
96953
62479
26639
89562
107
84959
55892
16431
24494
35345
13
64151
16211
7419
106063
8360
15848
23135
36819
36997
79546
28718
65247
70269
84918
9441
33795
4855
52656
18860
93814
50493
32320
44234
67388
21050
93377
54209
105294
11399
74678
27196
82410
61109
56310
91982
103359
77538
106443
106904
5568
4750
102599
10637
94008
75851
79688
4287
20518
9939
86390
50162
60272
107320
76127
7215
47361
58869
5070
74369
11395
62572
100081
60791
91271
10700
42416
47701
24066
15586
12137
13649
420
30131
101808
8083
41614
46208
98964
17794
24878
18143
26741
12906
66327
16682
67174
62393
58203
19989
99336
44057
31654
28778
3568
88222
15244
11177
30165
26873
66934
99482
10193
71562
60279
98776
32601
75348
62367
46215
76602
18038
46287
30080
49643
90604
15329
54504
57798
5356
38425
36676
7024
86265
19524
26867
1216
70264
22616
12083
84206
65944
33708
93433
73042
91568
77764
85418
22553
90630
99765
59987
249
12795
29681
81652
30387
23873
93183
59922
86959
20887
30982
41949
92376
20453
45414
92812
106932
96256
102338
72240
59762
59006
25791
31611
52651
8472
31311
90842
2567
73058
61047
68065
23626
97324
32546
32946
27860
33425
33765
53853
89392
41939
34279
67443
56947
17544
96182
98437
58143
67697
75173
54402
66309
61918
92144
25645
31147
61141
107045
87953
49997
28761
52462
6774
47613
84120
38008
62314
39972
87643
48862
12498
10261
90744
39932
18301
52022
94157
5747
93499
25573
10945
62777
13928
52215
72293
38208
35773
8777
93885
89593
41444
18510
102559
43411
88446
89401
27180
100586
26366
43129
81850
3045
94691
46440
24630
101129
2013
39311
40949
5076
69250
1082
50906
68663
29533
81531
36203
3608
47734
96738
52473
66945
18024
67386
65638
77266
86761
29412
61442
8035
59541
35346
70475
1504
90203
7571
104947
25750
5914
70069
12081
73492
88081
88082
86945
23207
32949
105727
107122
33074
72484
65674
100605
108223
88635
86602
105690
4361
26174
28003
44786
90706
104260
57120
52708
73327
100639
23090
52477
58873
55776
50135
63909
56453
87398
93491
13960
94610
30644
20455
9219
50713
33155
25311
67502
47767
93856
19117
8056
43410
21775
29502
13406
105215
60540
31615
47659
88266
73799
103405
39040
107103
75001
71677
18984
99856
4458
29655
45349
49554
9367
103631
46537
106461
39157
52450
69028
67219
49700
36688
68163
71756
77191
87144
82037
79225
106176
83034
107026
54290
65690
81617
107167
92876
72726
14939
81603
72112
94592
30769
102189
104532
87443
70052
7032
44397
100287
64252
17193
12293
68827
3764
102206
4924
59989
2030
50489
30246
108346
77745
29986
46846
85619
94143
46172
3567
99878
47169
43118
47370
34930
84808
84790
30113
51717
7135
76277
35181
86603
99195
23778
80651
97348
76926
31193
59013
59831
61250
59985
88667
71201
36236
36863
67680
62007
61830
17802
3455
26876
102676
32907
53824
102503
19818
68331
1352
39669
20848
3288
13636
22789
9155
24665
73157
11167
31308
24580
35108
33641
5221
99635
84770
3055
69726
73923
28193
97698
50468
15131
33418
40621
57998
102070
42122
53831
53948
93425
65783
10405
57062
82828
49328
102937
97767
87049
36179
23818
103368
89044
22712
13253
28960
81762
34310
39726
88950
63815
1914
30759
1063
41188
75906
54330
80372
70625
11441
81237
72028
77942
42305
95299
63710
1033
50939
83599
20175
44511
66283
22426
67705
54858
60842
67651
17678
3672
27519
95229
65827
29455
77687
66263
977
11573
58474
103
107490
85864
73229
16818
15390
50125
40517
11618
17516
64310
60691
71175
100264
18518
96580
96435
72753
22333
32904
103750
12933
48521
64693
24432
41111
91510
76370
49881
107436
107735
59339
60979
47118
65449
91300
27903
93634
5266
2201
60085
81462
10747
53967
17259
7112
4309
77357
106885
56152
63324
47647
43331
42307
17716
848
78122
28176
20288
102673
72495
99481
12872
17589
66928
97942
32696
104694
41463
28734
49001
50638
851
107823
69958
20558
83427
78303
98438
55432
47881
18688
91845
68053
51085
72840
72496
64551
57518
7843
88431
36076
89732
93061
20375
105433
18250
62299
89925
91453
82951
35875
6252
14998
29464
24854
680
108192
58920
28380
13832
104096
79108
21796
56495
39302
1211
18745
92434
17151
101475
81692
105149
30748
28738
66868
2018
16722
50562
29217
54041
34429
64965
21284
58764
72914
64632
56290
3733
51961
82332
74139
45078
23591
95428
4302
43798
96348
10358
39254
39777
45409
93334
66712
23568
86360
43964
27170
22269
87718
71649
12403
12083
80880
64752
38689
75630
103242
27211
61239
58287
658
34916
49657
108078
78854
48427
34199
46870
46374
48131
33506
60997
35737
2112
2400
30186
82522
68341
79122
63899
1845
6554
41014
66557
47474
104034
2951
94716
64217
67064
54699
70361
8864
1472
3615
100400
21370
41374
28227
91871
78620
46047
65091
41782
45077
51518
3444
91133
46627
28846
57055
51160
50865
100740
64985
74683
88105
9479
76582
15752
92868
26923
76994
33629
66525
37032
53982
27113
17519
74055
74625
54334
104070
83836
39711
53546
45958
53503
54633
35549
83711
98587
101848
13423
6271
77518
78107
44230
47066
57148
57906
94866
83250
89365
21292
95152
98603
14036
460
70395
27620
63779
20575
80969
38979
104243
92913
14156
83706
55454
91536
95044
48122
24950
78975
49216
89674
77
14925
17792
27886
29759
28957
43368
11413
39461
86841
73740
18159
100453
108060
76431
58264
18958
74569
22330
5078
106904
7136
74164
53777
102240
39520
95503
41662
52517
105731
59987
3607
23866
64354
84767
59727
53916
84675
65186
43112
24431
37447
19690
107337
100936
78646
100428
43940
34571
23091
5668
16077
25647
53488
67201
104435
86014
37932
57261
69011
45238
82312
29029
41957
89728
2809
40508
55343
13518
52334
29043
91785
27850
103044
99288
19250
47422
89847
56731
32297
66635
54444
10299
87625
107064
105016
6115
85583
67869
62767
73145
16740
82161
22005
45307
59055
95010
86407
69363
62853
90980
61079
82342
10552
80259
44849
24020
94215
6432
20938
54577
11473
27136
95610
55298
11470
67585
53410
74697
85608
100964
62132
10528
91795
76574
24526
62373
15214
50355
23531
61973
46622
25772
17512
45925
65496
22493
65553
35655
47123
50642
47186
5533
44114
9281
46029
51433
27916
42719
53042
81294
31678
32643
99128
59105
55349
53960
52792
23336
69707
57364
68058
20207
22353
85373
90382
92154
71536
64461
80633
40646
74474
31466
47600
53570
40015
44475
20522
83409
100488
47908
89831
50809
72257
102572
43719
25005
24194
95887
100432
37462
37496
47708
74139
3517
92956
104205
68875
96621
87328
67625
65064
44169
64007
12203
19586
33236
60451
80595
27216
39359
71052
47946
28993
57006
25587
27594
62213
70287
79513
26566
35677
21135
58986
50115
103765
16173
8060
105624
78276
61142
6283
8197
18328
60864
87468
16266
85162
583
8988
60373
10196
56115
79681
3815
65969
69144
84257
34269
42049
94252
60828
38192
102804
21317
1857
65064
18934
67217
5928
14640
68590
71802
68014
30409
75051
84522
94272
53747
69897
79330
76123
57723
46757
80704
88476
35758
40600
21269
3261
77610
911
56041
40942
55628
61180
18657
44208
88907
96149
34579
382
45277
45685
69782
21381
38039
43389
98870
14880
73638
9100
9695
9312
58695
28
913
37245
28091
84217
16901
30929
94567
40115
18082
42700
2994
61147
20711
73468
104885
93079
28149
20139
73509
85504
64189
43772
24560
19987
80589
32003
73763
12251
13678
59325
3617
95763
51714
308
28536
81934
9694
73834
70932
1275
96018
57937
45455
14721
51356
76429
56376
13285
9015
81424
105232
72415
34992
74173
64333
17749
86040
99192
88429
14229
15220
79388
37067
22871
15330
99343
88963
78093
95297
58232
33108
55411
9766
107501
31388
102393
95681
63386
30412
60498
55963
24948
97036
74830
27393
91502
4388
55914
90918
77329
73339
103259
59156
86129
10957
96813
72713
56228
58826
16748
49155
72422
11089
62212
7487
31894
85655
93424
24095
84457
29735
47709
63868
64511
37364
93844
16309
35763
44804
61402
38439
84774
21963
23666
4345
95186
17950
34173
26561
3133
3553
67992
15345
28091
77842
105908
14379
84810
91641
30615
13215
61958
102932
43593
42820
105390
5055
90687
21230
69767
11438
7030
86438
39994
106781
39626
64723
22238
100780
43260
16725
1386
14551
3999
29889
35682
23110
54563
45633
74797
108135
107694
94786
7436
87046
82254
6360
33870
88083
19729
97712
6510
80127
101172
73074
80786
21065
21352
96768
3269
15397
106542
1840
28767
95193
92924
16606
7472
95304
77010
72881
47635
29428
7411
64921
99116
98926
44521
81457
94361
89948
59596
43351
11417
65664
75626
21750
97423
42842
11420
102409
1580
59522
42332
85683
13181
96059
79474
25046
47130
62040
50720
84651
13708
26558
83433
62707
13436
46213
13787
50165
5154
77111
7181
48585
50316
32968
68047
32600
39077
73381
36903
96669
34683
50902
29653
96977
83873
41763
62250
68516
15255
13738
75819
70155
69672
85808
1280
12945
36343
61251
60680
12028
58301
40659
82241
90034
82988
21335
20238
10148
95021
44467
96433
22218
96138
9558
43355
55601
88553
76040
49526
21576
72035
101416
8893
23095
56109
94046
45661
35398
18887
11451
4129
90983
30436
107224
77223
936
86309
76851
107474
3309
46362
10586
30194
99023
82043
62077
62792
18168
73988
37670
92220
107959
70556
2244
75620
16702
36230
27564
66580
48124
51746
43529
41085
53146
19283
106374
35440
47972
16531
5073
46433
106422
40312
81968
26795
80611
75056
34617
104016
12323
15987
22052
27912
99892
73717
63184
59842
55755
24764
8255
103110
24
46053
57493
69492
36405
55066
94021
20469
53035
87673
89903
107845
62224
28209
105577
14567
92621
14284
54532
104459
89121
79907
106806
5374
63140
46101
21655
30137
50057
54376
64922
106828
28622
62193
50251
102294
89843
90464
35864
38724
81545
44685
59017
12381
82352
23057
66620
12843
23670
99453
324
6690
61467
10554
32247
93877
13223
6276
82490
69197
52148
49744
33239
12206
7122
72198
89945
63357
21375
26045
29009
106712
41643
73157
30058
74633
50330
100860
55002
29539
101935
82578
68048
98577
106810
75564
46200
8937
71140
87444
28979
67315
52398
37778
38071
53481
48264
85033
49819
46113
42429
83924
61686
31750
86517
75247
46271
79182
41413
14898
90838
99672
57960
73951
53054
105507
58772
68618
7497
34047
98825
107219
91343
2475
85928
101456
11607
66347
30477
46392
86292
7339
51111
2835
51640
53532
68041
54203
62346
31405
98115
90263
64651
32856
27725
23671
32286
2449
24186
84679
50441
4372
80369
17753
103712
24692
95225
39768
53947
47995
103976
44249
76946
94799
79260
79593
34188
67584
89840
97701
53700
79170
88596
79857
46037
59973
46249
2057
97753
8932
87208
18662
47851
82706
8962
52830
45442
32904
90638
9993
102056
44219
47284
57942
104811
14760
29752
58742
97605
44638
40365
85286
84959
23560
20362
72234
24280
94007
74546
104811
8843
41860
104289
13577
49629
43109
51356
48999
2287
92059
58023
89054
24964
78842
43801
88097
51413
64834
35200
73966
84126
7459
8721
16638
35447
103211
33903
61295
26916
33345
13271
61474
96529
41122
62588
4589
108210
2409
94286
60887
37480
38297
10697
78477
41942
78007
49292
24979
70023
104780
16754
64398
55091
40256
51414
38928
20098
97467
10393
38366
45909
36514
68430
23736
26122
107006
81167
103058
93020
17387
25629
38356
61989
26980
51447
85439
40391
59216
49271
10378
58999
11617
30083
33296
70778
38367
22541
88517
14803
105789
105260
78844
66916
58274
25042
53737
53401
54154
36251
28821
88622
19058
74136
634
34283
89996
103483
78864
65947
88731
44431
83328
73413
76788
82364
61317
46454
76933
99690
23074
82176
76952
19586
62993
97270
45899
37813
37640
68343
7306
6018
63291
80234
89670
85193
13415
1461
57256
87951
77172
51774
40064
35553
93649
15974
50609
53168
53785
5236
60260
23273
66785
74848
81972
89764
74177
30649
72086
84557
86414
2405
79702
70686
12058
54560
103491
92539
51454
19637
1589
88592
96749
15213
54548
40382
5882
2196
86513
25710
44122
12670
21841
22573
35273
75976
19836
10349
87800
78204
90286
48380
101569
13060
74630
30758
81208
31314
11025
67924
4429
41301
81378
9583
27996
33645
54181
6855
31238
105793
34889
52793
40347
94762
89646
103798
72080
83381
52743
64825
10360
58998
98763
20325
71935
62147
32969
78075
2255
70536
91534
65034
72623
69290
36902
106109
70123
63031
64327
54238
74252
103067
46984
73522
67712
95915
79050
80718
29962
42909
55211
37684
34439
101897
101868
17375
11479
104020
41001
51540
37052
67144
98512
99086
55434
47152
59944
50617
62742
78564
37786
46390
108419
82069
40001
36818
33423
50969
90189
103721
5924
52956
78097
80252
11167
101318
16737
4882
80299
88850
63366
75210
13292
85456
47733
98716
34679
61661
100461
11665
32745
70330
49899
43483
61846
50912
83044
32784
20443
47096
28987
29380
78624
88002
72285
106373
81895
34889
95435
14257
107677
46257
33560
34062
18236
91445
2249
67245
51553
21534
101101
100349
13711
15556
66408
88923
73474
101067
89157
44836
13057
17620
51347
12746
61235
95320
52692
56332
94874
3907
81693
97444
36754
84539
103139
50895
56915
32993
94536
61165
33387
57443
94602
47945
73327
57272
48232
34017
26212
44663
15728
75236
54087
28416
62951
91230
36358
51483
33753
107826
33186
99803
33887
28321
61218
101100
29074
89242
16824
14797
45844
3110
92369
102702
49002
64236
34340
19957
21357
71765
5764
79747
4191
78592
19087
80786
92933
98157
65266
73509
99972
92945
25504
43597
89700
67324
74409
80064
20935
106116
90955
31166
48975
40769
5254
30145
80338
84180
26267
50675
88330
44693
86124
84567
10627
105019
92789
99737
62202
19724
67041
23848
102232
100886
95833
5797
28198
70032
82975
92278
57663
36470
66576
54209
86713
26687
85137
33331
25211
29510
85415
78717
4286
47730
56430
39886
40124
35234
50472
17852
83247
30022
22031
43729
16834
76166
82644
92794
103841
80093
107000
91322
35134
77322
64733
39105
50802
92681
34016
45464
91023
25780
27855
88063
103138
64906
91976
20726
31856
8539
50654
7458
83257
94949
35415
1882
6980
49280
54063
84623
4221
2974
25585
33660
11786
58118
4412
67789
108009
10609
50393
51122
77736
43812
82312
82613
47600
43333
102873
22875
14662
4230
5355
36695
20473
78481
37789
66153
2103
50885
71799
75388
99534
8402
101486
63691
76424
64386
73014
95221
5370
55039
8200
56625
48717
8997
55222
100293
104659
92673
27747
4173
87217
260
165
45582
19447
17605
52450
103995
81271
82492
32453
11183
108360
11154
85829
19698
78697
93740
63951
50053
73595
102614
91895
107470
106483
106606
86798
24052
16291
4027
67751
9583
79744
13193
65568
71020
2402
21517
76609
73411
95720
41597
86697
29412
31106
89205
5915
62105
92284
16875
55083
45965
18929
41933
23254
48179
68756
88811
11027
70073
75690
100326
6443
51695
19446
43904
12732
49120
37314
33192
2358
90317
86053
36903
108105
104489
62382
77597
92972
83515
93444
48721
20412
48745
89845
43246
11466
66671
15191
2738
31214
28729
65819
7123
48216
34282
69348
66591
7577
96777
56496
3591
62697
107932
93325
3942
4372
18180
44296
33326
6793
32908
72943
63748
53836
49895
98873
66891
8108
59260
67513
85861
45843
34126
61957
49020
59826
52817
45292
45093
245
37019
31938
100020
25341
43716
3646
67754
17862
81819
71165
92783
78905
53287
66967
11977
13532
26481
103976
21492
67805
10223
107858
33698
46572
93552
8685
14568
32221
60709
84476
80068
82801
37633
48294
59035
72198
25483
44223
17897
34837
54594
37508
36457
90116
49505
36874
67283
31005
31532
83001
97303
90806
69133
29136
51479
100507
67683
26894
100628
103389
53717
28570
39983
75066
76840
107709
66218
24546
29702
24095
3186
104647
25379
74681
51887
36849
32519
44160
21036
54392
59821
53643
28563
64196
53510
106330
108466
83117
36450
70276
20487
58896
6314
58527
72477
99297
1315
53179
93501
27463
72830
63919
41848
4142
43534
34494
90211
106144
45321
100966
62076
25843
77104
86984
57226
80410
103369
83440
28212
59518
70645
81870
77989
11079
33148
1158
10635
85700
101583
62944
59320
5555
77394
63900
30752
9196
61898
15900
15683
58913
65747
37519
49853
46568
99854
61403
4108
20417
10124
30831
73978
45445
81508
76493
83811
5812
79969
90696
104084
29669
21593
90719
46123
84001
48970
69541
95559
20870
21894
90713
48909
101426
56568
46241
64952
27383
106817
62726
101254
52862
34400
90390
67898
75727
51902
2126
97188
37502
77308
34618
63581
7864
14652
70041
66311
53074
69890
33492
53238
32703
41301
20260
20390
90406
72259
44825
98822
8581
3414
76075
78620
13099
85879
50675
55727
13919
86247
19030
30221
53906
63231
72070
48469
61375
59570
21050
94490
52663
83897
25115
43045
9840
95788
81420
70377
27356
25922
8976
89556
104558
96115
91141
106549
62946
81659
924
16991
79024
55047
2619
66975
63727
53602
66408
9916
58057
20858
31385
78033
29708
31919
64793
56006
75710
72719
19491
103772
5858
105794
89396
49741
99290
70166
72212
108434
100101
96857
40682
103783
20978
89935
32366
43751
64750
86493
53765
78596
50202
24038
88677
9400
64079
9761
82370
107343
15781
6589
49329
53055
28410
11882
101274
62092
58828
15169
98506
77091
68769
44588
102201
47468
68754
61032
35456
98217
88234
75315
60814
94021
62299
48943
89769
39670
30202
21833
19567
94865
72010
38552
24210
53248
29257
36918
83779
31278
63062
59231
52601
53524
66676
81697
21313
70408
48262
7906
77216
101399
21086
30143
81429
25383
56677
30355
21822
65469
52834
15234
72761
1142
3404
15911
43836
15824
76678
54399
66860
84506
52965
44180
48232
98277
3896
50562
71528
93065
88560
102425
61740
71984
72151
49312
65357
94893
25383
107444
79406
79163
98801
37152
64599
93443
63840
19147
42516
18209
26578
92075
16063
6307
47308
103273
26230
86199
39113
34034
5787
90455
95926
18201
38693
36607
40889
61823
4167
94013
76085
20418
21142
18267
76921
47884
69114
71773
48135
85946
30020
40368
75952
74030
86672
3285
8145
104377
82554
12792
95580
54107
10854
63043
73316
92288
30984
55676
80193
32840
18772
39138
37061
2213
58447
55900
45612
15884
15111
3049
84882
99979
25293
37040
74029
54656
89608
69141
22073
104218
88840
58947
53242
22592
40539
20600
66348
23709
26731
64722
57424
687
69713
92180
63677
9376
75438
56435
42612
26061
38198
5035
15829
4658
33506
11864
35650
67244
10076
102551
80807
76860
98593
84873
42596
106068
98139
30700
42832
30396
59665
87594
6150
83425
72232
74914
60781
82862
101898
82661
20909
102534
85232
57838
50618
40627
18528
90
32264
1033
78256
31393
9186
107103
107522
83190
15396
55065
48790
8912
25504
64081
9180
38802
80451
66616
66795
57693
34392
83444
76753
29158
68569
95667
105700
24445
17803
45058
40404
32618
92819
30809
44477
14586
53393
15353
89619
93340
34401
83100
76598
101725
86292
79954
85023
14463
60358
35214
103707
4615
89083
51943
29210
20208
81831
7754
67006
105816
73906
103660
33544
72132
10959
78647
13609
49190
74381
80137
45404
49523
108405
60353
18229
77285
93150
42381
81607
31350
28323
30357
13968
29416
71211
6742
52365
89877
21627
34046
93830
89724
106806
70936
91888
17037
7757
77651
38673
38182
4929
38233
100833
70779
67737
38722
79988
71797
108313
56310
73091
104320
82089
97108
87264
14686
25430
5586
80494
77666
42640
58708
45898
83513
49683
68687
26834
56983
5027
105459
51044
45325
103446
64808
51947
18682
53907
26998
74434
91021
63689
9860
88248
63760
20561
54122
74745
10348
42828
19507
21637
40882
59673
31706
55058
105558
107808
53934
8114
76569
77058
30873
36718
97118
18264
25940
4438
47849
399
68694
18428
83006
12817
57419
19055
99870
13198
40221
45977
75007
102469
49024
92055
7687
14398
52808
87177
105189
48024
78592
60255
8569
84985
20613
24695
91855
102777
35416
89798
75268
98957
41834
39486
95298
96289
108127
50498
27976
98979
27896
99881
107388
81564
32352
72695
72053
45875
55399
16340
53232
67673
78885
34504
54427
105828
76654
22651
84529
90740
73544
16692
46285
47382
1723
30385
94825
24537
49509
52768
63308
73043
46375
32163
32101
32651
98995
76311
93907
19700
56466
14729
53694
91176
5472
72655
22170
84095
83020
26175
15517
31798
83382
3711
38406
8546
23547
25719
94217
19491
13537
18309
50375
1185
6236
45908
56582
41103
102936
55296
106289
19837
75481
67759
74888
102214
87975
74268
73636
48239
30453
79331
24089
94619
7695
1844
58567
37845
90563
61946
102603
98769
43766
76258
66986
48234
20059
22297
81500
55031
96768
104976
78769
92223
73096
68268
108066
89293
79878
96739
6578
15066
3270
90036
94858
10897
23832
52429
83211
65183
97983
107489
1912
34605
72263
70859
103645
93181
60914
1322
21156
38414
36832
53191
88396
24311
97993
30062
42565
99542
13294
92233
94838
41599
28717
17696
4608
33450
58788
102690
16116
81332
40658
68166
34984
84820
7595
71390
50763
107208
107835
3351
59222
90616
45709
30658
107306
46272
39880
48361
101534
13886
79573
98138
26502
102219
52284
91715
20772
4734
63244
45247
73500
44633
91566
17129
76875
30239
34032
29857
102777
63309
44721
71910
44831
49760
69445
93916
69884
36925
42383
23249
98775
35520
65515
66098
16781
618
63460
59177
68440
47663
2222
98836
69445
14743
90885
58681
28563
35946
36853
46997
15239
36432
73778
75547
1126
47497
72459
5684
4155
108308
40759
73758
66462
18670
81569
79318
43058
7670
83118
6196
96374
38764
38374
107419
5313
50257
31260
22950
20553
18996
19910
14161
105179
44915
4261
16280
4229
37932
99307
74633
64027
17048
88928
53871
58417
61802
93791
52384
70956
14313
32341
73414
61088
13520
105051
63417
29721
82735
71248
68474
89258
81284
29704
51234
1478
99080
36219
27130
80796
44093
79523
34957
95242
35866
82540
44522
81322
17911
90440
37234
94927
60130
5740
103745
53378
88060
57557
41137
27110
35220
107397
90072
24492
63663
87297
94931
878
13964
39634
17665
17919
48618
62642
89972
3406
106324
107005
79829
15957
49255
80203
82768
15416
92017
19341
50133
87020
59447
3669
30913
88974
49343
18751
3911
102919
330
61196
31240
81650
85981
96437
74291
60840
99504
70004
15490
41537
100165
102114
64600
3390
104807
42751
41301
58162
70761
53369
93883
62347
32514
48589
3034
23705
71165
27520
73288
6159
70306
22675
59452
50350
4008
24999
16832
17317
76421
35148
77750
38128
51637
20906
83001
5936
66888
7215
67593
36247
46620
13240
53848
36679
60015
102159
61079
96631
6007
78939
65508
38584
59369
106341
94358
75564
18981
74498
46222
91786
97304
29425
77109
28855
56953
25526
57941
38719
95074
52397
108096
27568
96981
38645
58492
31950
6075
70046
67028
64037
83371
79431
58018
83396
65871
74040
35982
91755
104424
24942
41434
39546
23945
50692
44837
84506
31692
51616
37436
72171
103708
41434
62697
53198
62674
833
20078
80359
42515
17726
49583
69174
100462
52670
107494
45533
21309
25566
20135
93744
65216
102057
52139
18938
90955
27373
38366
72289
46491
60402
89358
38549
30675
14296
36244
18754
47789
93360
91253
13416
98253
20677
65123
13615
85107
52099
57593
100174
46443
26007
19881
41798
79638
11712
79567
44731
33057
68150
21621
55590
87613
60222
91597
64297
54345
41503
36880
30188
84440
101999
48651
90753
55071
73873
68418
36065
28111
67529
53172
62027
55715
9167
38566
15819
69711
71679
81939
43497
84416
55642
83649
73879
38163
91479
96394
20846
77103
92010
26199
73608
52410
36830
43547
102282
51570
14151
31203
92330
102411
39974
68493
2124
20454
44581
67079
72159
51785
100781
28184
56254
58405
60059
82566
72697
17091
42832
42480
105846
3014
18865
21249
13055
60355
23260
50333
57505
6536
33884
92140
105205
90928
64311
102244
33299
12320
84838
38616
56267
16194
11587
9944
15129
72875
59921
87623
60999
55305
58331
61854
39421
17838
92810
60711
93555
67805
23521
101733
20635
91435
44341
98338
53175
51551
64193
66851
20796
23217
42862
83774
56755
16183
78194
77791
25661
44128
41134
100535
55347
93115
65732
95738
107485
26296
3324
9096
85240
56099
58047
3545
101142
75304
104728
69202
10460
69188
1054
54395
92663
21844
94981
40732
57057
12437
58341
34380
58423
76975
25664
55829
56121
85496
24268
7400
26146
83751
39673
104703
81589
97678
106405
52276
69201
35711
103860
19847
26095
67446
18410
16662
91294
26186
10336
22722
75103
37245
87334
6376
58496
104955
25482
324
55201
41469
77569
45770
45359
5179
57339
71974
102400
33964
88858
98741
36887
48924
58237
48420
105268
71510
87765
6518
6390
78827
104058
22434
72946
97823
108425
104735
108085
83493
79274
107182
48032
10684
64585
54913
31683
81641
68862
53206
63475
68159
57473
73928
53691
52550
44696
86481
76853
66698
100802
89195
106120
72761
105002
57266
66935
102766
85623
44551
37098
96866
22388
43584
35649
54487
62000
31240
13388
63158
105444
33567
36237
102233
11593
30215
58468
53557
44697
92267
88761
9717
45277
22100
77817
40580
47499
133
7940
49615
96713
14695
104309
104839
22967
68194
85338
52375
104660
19015
70141
68947
105217
88888
53036
7537
97120
77127
80304
73311
17417
104193
103067
44832
66848
92580
59911
22427
53643
93867
44730
11527
80361
32376
80748
72763
59244
50540
12524
15552
20960
11697
44113
35217
2921
44153
88474
81622
90425
71401
55504
52885
64725
102790
31797
58033
97864
103242
10358
41099
39279
48905
15685
83744
70536
86052
88427
476
18210
44009
59995
41250
21523
78003
20411
43982
102601
42176
103865
22719
49591
45465
21190
32700
103162
90412
99988
47127
37376
34203
23058
85067
104944
75719
90031
38769
10039
101575
104949
13164
8018
58705
55411
67387
88822
62118
9178
79933
99137
106664
58534
106750
3616
104598
35746
92590
54276
64491
41111
82503
21694
29795
98505
42064
102302
100080
82392
15392
62836
25300
6903
70883
24446
10410
69263
64706
101766
1618
24478
40472
83535
72688
48032
87932
103855
90399
7293
58486
106378
45154
1863
21863
90190
22273
97684
26743
68578
71884
25861
8077
22583
90972
96646
91736
21935
24134
102048
84190
6789
20768
72082
70845
47496
69963
84331
11196
2486
76976
29662
103163
43990
100970
17881
108161
43332
13951
100188
47788
78034
50659
7663
81754
15890
47830
90891
1565
17600
12563
28621
50408
26567
62353
59986
46489
7105
98190
55358
17379
40314
106302
66900
106033
26012
39811
85626
64069
22242
89281
36244
107451
72603
71266
11540
82623
72295
17606
82141
76167
22738
66019
39077
101977
70317
24218
74233
104850
24492
15145
40393
98854
66367
56440
89073
82620
3938
59170
14915
53569
47439
18595
13061
60220
15515
74995
63589
61126
6538
45585
34234
37762
20371
18251
17371
75078
76653
77939
40216
97104
65237
64447
59464
69050
71196
7266
82355
29053
26156
48237
44772
87918
81208
81347
44669
46163
98011
17185
72216
21777
62972
17806
71025
73032
9685
61234
17940
91849
81803
81819
52698
7341
37826
28868
72985
90675
95158
72627
95692
73133
68107
89986
38800
85338
87101
82120
21080
67953
84577
29492
33975
40178
17701
73423
68468
27125
52433
72057
21828
59865
6817
77683
75110
5028
11893
40315
7540
46289
70103
91491
41569
75657
8232
9259
58279
44458
25459
23468
35532
37645
33270
55101
61778
71334
100374
80671
61641
35738
37729
62886
56528
4119
87841
100955
27115
26674
97603
99828
99988
73096
50083
31716
78870
93804
57082
28300
53615
90933
14247
65631
106027
9882
76060
43352
53194
46244
51415
50582
96476
55131
72093
50954
55363
98350
51763
9085
58346
92921
93460
49666
83126
58041
52548
15120
9670
69468
37600
61898
24144
78280
51253
97554
29707
73365
73731
902
84017
52728
43622
17003
30397
95451
20225
42522
88653
17820
44738
31353
73267
99359
46334
68341
3678
58829
35937
85245
56686
73941
78662
16513
4223
83662
58361
85365
18421
7451
34723
74147
30572
35948
2836
1726
90665
49881
33314
6889
31681
93038
101290
105070
58384
47521
62437
63531
42434
62818
86010
34427
68378
93994
102878
4361
82351
89666
8478
49743
98879
57414
11938
99295
10487
45828
61053
7002
44062
19053
15345
77723
88855
61801
81427
69408
2935
68369
90011
4844
85163
22160
23926
76960
91070
53634
35123
27730
29701
3671
77843
54672
44376
30566
80467
51985
39004
31264
46288
6015
46325
51521
40809
19951
13796
2347
78454
98930
62657
81887
50986
30787
8786
41419
102559
72643
43114
95831
9259
51966
54382
13841
90056
62264
9529
85898
18453
70373
82551
21502
85680
100367
98321
99262
2338
5560
44725
15212
99521
98700
91769
18801
69356
78872
101483
28227
3853
79408
72699
33206
58277
78578
44627
80005
44651
21326
24334
32998
95492
101342
67553
64525
15133
88595
10699
40960
56823
69503
24386
96349
100932
15453
7922
79919
18012
58712
17815
78779
22669
28126
47008
86117
21555
90656
60441
102574
60636
93016
7073
67616
73841
37199
25831
57058
75945
70899
58893
26599
41685
56706
66848
93515
42239
23408
11759
81584
89926
10253
50273
84454
107035
97931
82995
2933
74720
76055
59512
23300
4865
18665
58741
14183
36859
79644
45660
62766
100686
104323
99965
107125
63838
38922
7296
9854
21013
106786
60672
98358
23366
52103
74844
17172
11064
40506
64413
69432
82436
107783
79595
15424
58271
75455
11731
46973
93221
11680
95580
32366
19041
64423
59844
51505
16434
17268
33701
105727
16607
51915
4344
9798
80291
30713
29155
105534
64751
68828
26935
50196
64359
63266
81753
74785
26851
35599
96772
18807
87204
59432
69098
57865
45936
100687
88706
57163
106653
32337
42523
26456
28991
24363
19389
84858
12097
93672
15237
10804
84946
95758
17093
10682
29831
78998
47686
6135
107701
25542
85844
75604
76936
80287
52421
58061
55411
10912
23618
95040
51998
82081
7492
61170
98438
8099
34838
53912
96923
98097
38575
4061
79377
102197
28620
13140
69917
107912
58299
3536
71883
59256
40136
20012
37424
71751
89054
30771
5052
89488
70486
19560
42305
41182
19527
2978
15339
106296
12193
18156
93166
5584
105974
103417
73847
68081
26338
44070
53108
17376
5975
66271
97607
100316
70385
45536
69925
48032
46827
69591
15542
19765
46709
8061
79693
104716
28808
81073
47606
66392
89028
6255
16846
85496
75551
79808
67066
3448
35313
2388
45165
5808
94383
97104
40719
53936
85420
57216
13386
68198
100221
48917
93294
64551
473
57972
106415
8266
5881
1422
16139
47774
101483
40472
71232
71432
5286
44382
24805
101468
89790
100497
75196
23296
97704
15746
30825
91503
37901
64946
54244
24115
41329
31632
38487
21079
95769
1576
38939
6180
5958
65221
1207
5690
74752
99975
42065
103764
87823
55102
60922
38215
86439
39993
84732
38968
58945
28385
99477
86679
100182
99055
15078
20843
35857
50213
81628
78301
53715
50699
99030
12819
45670
43850
17996
35557
65563
106713
95457
30266
52326
45646
73155
107585
52142
1970
3490
99897
37671
90007
84385
67420
55911
18949
66890
107166
66377
13538
82586
31913
95528
61294
25602
100227
94981
65708
52431
68759
79904
72236
57654
80084
50630
77299
48704
60305
45218
76367
85061
18124
55671
7855
81487
3262
42753
57566
2732
63310
49988
52744
16270
103271
5805
97357
97926
23709
61635
75360
12125
7961
45673
31131
4203
75787
81766
62665
8984
50509
62873
90679
15827
23693
90781
95620
3476
25374
75025
93199
94759
30491
101286
77106
71373
38205
108089
16681
98591
105044
71718
57325
85751
14231
6513
56639
86491
106708
16365
26371
78067
89648
95734
70350
93285
34848
12269
102472
73729
88985
11935
74780
102024
80985
40285
31731
55511
53410
41267
79641
28112
39146
39426
56489
93331
89545
104173
23819
75068
106420
63683
20201
106388
29563
87037
59243
18470
31362
8046
16893
35441
85471
16946
76184
46429
82056
59090
30862
72471
74775
60632
91332
100446
59110
23585
25905
60099
49426
79982
72564
33884
34666
37472
21403
43138
54686
3718
77213
30914
105289
69798
24824
61622
62695
34582
28233
53306
104914
91357
34501
9476
71357
64731
48090
29807
52784
93560
16190
95803
28668
18010
19878
19801
27668
23032
44257
10632
99730
93492
17107
44511
102839
100124
72725
24366
6892
103764
83781
94425
56130
90479
90414
100466
17862
86073
50271
7518
71669
99567
40638
16821
12545
69205
40436
87507
7016
20771
70104
87331
73373
21493
21357
36496
93797
3357
97168
48326
75620
38640
29211
13183
94192
102214
71787
103519
76377
95804
82425
72098
95705
79135
73523
7945
12909
4806
97771
96322
45473
98733
16537
12322
101250
101886
15237
105659
97222
66146
44085
31667
37639
54900
37197
52316
55852
41733
12403
12839
90110
57728
52421
26043
76260
89012
66467
86422
2781
7931
100813
45557
19928
73861
18838
9084
104539
71178
75450
84496
45199
50034
31669
89600
64015
18297
89855
47593
32710
50029
2767
68253
106141
17014
4728
37161
73024
51253
1883
14855
7603
49860
27919
13603
58223
25573
25672
14083
38204
56073
84466
75208
91512
34389
1288
18734
43334
47162
41404
103072
62617
28601
61893
14055
66511
105829
21916
95770
26988
70443
31568
38451
29867
66468
59224
13226
9873
8853
29429
22736
52179
60304
101621
27603
80743
8753
42789
4067
58428
857
78929
30949
82630
63498
33819
96738
80482
85122
42563
39664
33797
78974
71613
37037
62873
90276
29662
89905
9919
25066
830
14238
90187
13656
103419
37356
68143
64433
83623
64388
90504
87844
90133
38361
4085
98070
34053
17899
14040
66638
2692
23332
86250
92564
90429
1026
77555
62469
22961
20101
31400
29852
16790
52244
105564
39070
18387
11576
58461
104218
2254
39339
81486
56300
72847
58872
3165
73434
70770
100368
11455
27001
46434
64606
99573
40741
14307
101413
92945
78431
107878
102208
103360
2146
20843
104514
6693
93841
78143
51641
89492
62996
76783
53260
27511
97050
41658
30754
18673
40713
75354
32833
7928
2118
104067
75347
52776
83333
7916
25815
100641
66137
106260
72424
79754
7613
367
27660
48787
67380
52172
103175
14731
75998
77528
20020
69922
74456
30910
91938
12706
46037
49832
71098
90633
48578
14324
39273
29893
56055
94459
38928
100355
94245
51872
18031
40345
3738
78898
23100
102588
83427
96347
48475
16040
57366
1048
91517
4046
83282
2918
30782
98869
70139
37564
68701
79466
80389
81634
61147
54279
66523
77543
26815
66196
66370
102771
98109
32475
2261
26273
48716
83799
89153
19595
51877
51378
25227
107348
85671
5688
66606
61802
63758
23086
91230
88904
81092
50920
88836
88658
34727
15580
3428
47228
68556
105787
60823
87642
35761
13475
92974
42060
39778
98856
9784
2825
32533
23580
15899
1176
30996
17006
82698
4400
33507
86945
12508
29637
89151
68473
86056
48161
58721
28747
95599
44703
97021
59154
47279
48726
16932
23488
14965
89636
80577
1029
104938
100449
4564
85467
42287
57538
18713
45789
27042
26194
64407
49989
102441
87542
100844
28195
39884
85198
47088
9004
28050
30348
101185
101980
84741
32020
49718
94057
39200
84267
69707
105761
106037
87915
27009
94965
4044
45835
57336
47836
97046
6246
46984
108355
57227
64961
98526
93733
37557
30147
105386
74706
105320
22530
80714
37064
56910
71801
926
47718
50207
104934
28152
101269
51309
27900
66133
98649
101480
76254
29907
7518
8097
83369
67395
22843
54972
67087
67121
61965
101994
60603
1766
71672
56631
87031
88197
31689
57004
107475
105307
79782
33303
64492
19953
21630
63309
59804
11996
70939
68626
77852
54532
47770
93908
102229
56986
32683
77532
9459
29142
100682
16270
8924
62393
41316
105192
25946
61818
4280
45485
42420
107961
106676
34985
92869
64429
84801
71210
80111
37169
62458
6448
31186
36479
7080
44537
103559
13063
47242
36258
94739
58629
74293
20791
60974
83564
19327
2267
24713
94515
68885
69910
7267
26204
14454
98874
37508
100782
32371
63338
24928
45163
56874
1748
46147
90529
101202
32811
84592
5730
88788
27655
103883
29126
47853
41482
36749
88308
70654
105601
105372
24098
20464
56944
18237
86847
65105
45847
98884
36516
17269
367
18400
83324
49249
27640
101674
64667
90808
16142
98352
24177
60192
99927
63242
95319
35686
39544
53496
67035
47373
65113
93612
28645
22056
68785
471
27185
35456
10443
74950
58286
98191
95176
10239
13033
59182
108459
99193
19632
62431
90108
104480
105537
35096
13591
20426
80700
103863
10506
24180
11278
106483
6062
50062
23643
21589
92159
52445
1981
39016
16346
95150
30851
86843
79915
27848
14872
64975
29813
57525
9996
13926
45061
82058
21397
101069
73943
98381
49673
103859
74900
75341
79463
7785
44334
87123
80027
105330
5982
11933
14759
30509
63208
43753
52071
64843
101484
11802
88468
71695
26279
33416
32344
102134
13339
31119
107074
83128
46410
46770
49339
28887
34614
826
53475
59950
73578
62932
68775
92005
62163
6100
105099
85909
33023
38018
15012
23513
16052
56327
49141
75933
37941
91383
9856
76505
23353
76030
101385
87758
98633
66075
105691
74009
41892
73908
94753
26746
62401
7462
34563
45120
51505
2119
66980
12337
72250
35440
41417
16544
28982
99337
68170
47076
105038
42308
45750
42016
51252
75942
101644
32125
29080
72474
81145
45361
70916
86209
104920
937
15742
72831
79690
68217
98188
45657
80946
12673
93889
90810
55883
80184
67789
106875
52563
88930
89280
51522
71559
52988
82028
51101
86640
92785
75014
71817
56434
37618
57998
73055
99214
62143
736
20767
12781
78969
3946
57259
85469
66907
46630
42093
48784
41854
18565
11496
4842
11935
468
10678
4964
4953
106906
19138
73738
104901
53601
42274
86799
11371
49021
18403
13245
82603
78676
105377
91546
15238
45958
87671
73457
14320
57833
51756
31229
38807
69996
76104
24093
105712
61888
48055
29392
34527
102684
65677
7379
6066
27117
62266
42950
51695
62145
107046
42142
55241
77696
82282
10831
12808
7462
103652
15641
9018
44366
85582
50879
71416
18772
1923
66479
27709
3122
86844
108226
49253
86493
55945
19742
49162
85466
53516
16850
108378
84692
50997
37851
733
94120
65656
31033
100783
34450
33099
22148
92848
12061
51470
104494
55914
53336
67892
74678
60338
93733
100472
104074
44496
59800
35054
74337
46600
76261
105256
42731
35163
46130
104731
77215
68262
60867
38694
43351
13088
16490
75831
70357
6118
35043
85733
65974
48897
86368
105042
32863
44206
95807
93089
76776
28214
6276
25276
25475
40933
85181
90783
122
11978
31318
55472
62446
1876
270
53311
31971
13827
55588
66072
68894
70536
40639
69571
79151
54755
71329
70546
92586
9238
39847
89062
77592
106929
33052
90094
37699
13634
24729
56973
85080
48801
84729
33691
80539
34186
45324
57842
1978
2031
61102
75479
87772
25219
85652
24851
22728
39077
46543
12976
36023
64897
101028
99396
45220
20626
89493
26460
83802
91734
13579
63270
59838
105726
67167
61656
79831
87270
84001
59295
46611
16643
91506
34615
78394
78156
28289
73793
50970
11287
82494
79501
20942
94270
27569
101414
78049
17761
6234
103839
4768
36065
74265
73709
34331
40608
96830
80850
92540
105016
37793
58385
67559
4056
30297
11063
74561
66418
10937
91535
13994
56892
4208
91547
107061
37635
68561
20310
89043
9235
105901
80206
19007
24085
24991
50639
2858
107802
3395
29855
4648
48139
81182
31991
19463
12936
49091
41342
50623
96221
26105
18204
53276
83511
25360
104045
14104
47098
93526
50572
5399
102644
10553
2069
3186
12984
87003
95596
49978
101316
95376
55900
27933
1161
85814
106438
59999
93024
106952
66772
11326
2744
11486
20160
12922
104163
58079
30233
69406
8437
38388
87939
60015
53986
48079
44530
3309
43959
105307
21146
25773
87531
91992
64952
103322
107401
2296
58124
12671
42817
52121
93153
13945
48683
57021
10531
56708
7215
58881
21688
74430
38544
60926
61174
23889
28244
10678
61334
62870
95143
98239
46254
39640
30934
17485
106694
53142
42636
30567
53634
101535
14361
81938
45009
6857
95476
42236
11990
61824
75965
33532
58544
63253
85287
40358
101761
81613
26347
46491
22293
51526
56472
54658
43281
68157
91367
11598
34519
88761
91090
12013
75910
38747
89226
81188
3458
36287
36980
105432
50897
45824
8824
53809
31611
37230
30004
2925
30372
74178
106280
68484
73247
74086
24212
104429
97671
65221
32056
80628
57926
43579
42324
95222
19633
17195
38682
87203
83866
6139
12495
9381
13721
7554
99512
27564
687
43879
87446
36826
72164
53613
30732
15016
22144
47552
107962
7318
26168
40327
83063
46976
52023
35223
58828
24279
20139
72750
75885
29900
80954
35054
57617
27942
530
1831
89617
18945
67395
74094
61710
62275
63352
14762
41858
56552
86305
73652
67425
31178
79311
65756
16404
53577
41078
73291
19415
92536
42873
107671
48905
70161
1929
23406
27500
102506
98102
49516
38858
66657
13606
42947
92326
21683
104641
53185
40959
37882
11457
64620
97341
88830
101780
57525
17346
80191
11687
18459
24641
13630
86097
96357
82895
26381
7254
49708
66998
51462
94872
1239
99808
17024
960
74019
79268
54655
52255
82234
49231
78125
22657
6055
61232
103868
82827
545
4044
14277
57253
25179
50514
4857
26839
43218
43216
45759
51843
104301
79024
99425
78354
75782
91773
81852
53999
10033
58852
38366
15737
44043
77494
48480
102555
100527
95551
62154
33095
58916
51878
37491
28549
3711
101223
10852
37699
30982
21547
72734
84030
51902
16349
71675
11435
71208
107401
18320
80425
65342
44767
59362
63514
19419
3916
64266
39958
95955
4196
59574
74867
55007
89568
32878
23890
52682
64758
12292
19236
13409
33705
43635
34893
7958
56338
62657
23222
68915
48832
82605
11291
18873
89544
8248
93023
54642
43626
9660
102464
106626
23479
98954
12001
84413
47118
95791
69225
72915
27573
45247
17346
94222
81621
31073
57099
74986
48900
17294
44339
80891
8954
22178
105601
68652
85029
47204
37950
44867
25720
6708
66987
17339
20618
52050
69092
33457
23853
57568
97641
103973
94695
77520
79569
45037
72573
42578
8783
20712
45723
51882
81792
93139
54390
64366
56292
36190
63139
20948
77017
45941
7886
64052
11416
84392
82187
66660
66325
77684
8626
54996
86874
23601
96082
78218
4682
88587
22337
76166
70103
64023
44277
29974
101676
63995
66849
106744
89688
103323
80022
34892
5561
86768
45244
54006
66198
31830
46557
79192
74725
42284
41866
62416
66405
81794
35663
64717
7526
52711
41584
74671
31532
18812
85
79459
94339
52834
56900
2647
18839
47004
1155
57951
73025
60019
85083
16548
85113
55205
42981
62895
82154
52525
105841
30141
62681
37829
6536
28638
75075
70668
41684
23520
28629
76701
89350
85303
22166
55096
101781
20027
28130
105280
75504
11157
6857
42680
35833
72680
31687
84568
29876
58904
43727
24933
93918
1711
79458
99475
40713
29111
43978
74296
103764
98327
54770
94187
27657
77364
92043
78705
100908
24355
17048
29729
20058
64297
35415
4976
6037
6613
92169
73646
101975
46440
62711
4718
81079
68326
15011
22164
24085
80120
102633
85447
78990
30588
76216
107590
95939
55244
49788
50238
103214
8984
50584
86473
29320
17702
37831
34509
66061
13189
35124
41366
39769
409
89829
75851
48773
38162
86421
50757
67522
56067
107813
25161
12868
35299
97965
84922
34312
52138
2272
64734
1286
48441
99214
81446
21991
103464
89924
20248
79021
105954
75433
95793
70493
71313
8651
27671
73640
30438
13091
98933
11035
94010
45049
68784
66224
98035
20478
18598
1734
94888
77591
21574
12091
18531
39434
24209
68065
26746
40081
24671
27463
3086
6005
48663
13293
98185
10197
34392
107253
58970
44575
1844
24675
100215
12041
102520
87979
14274
63696
59636
27695
13378
73336
3024
107436
89782
3513
105716
18455
13114
44675
5996
68814
107552
33827
107094
19106
75647
9712
9349
94943
95233
13531
63569
78792
38237
27856
14417
72539
71440
57446
14713
3185
69336
32591
28214
72454
5976
514
4897
82406
104801
92421
40290
92905
62643
71727
29777
71106
41006
7482
26994
21193
56947
23258
102054
53315
90759
20649
26425
24771
101825
18758
107770
81991
76805
107324
106407
54614
2279
41179
77267
89961
62854
26055
67701
12027
98105
70125
65101
73759
49644
37479
83599
2773
105741
29257
50470
70251
4418
27279
36980
82438
72622
20580
11079
14105
89296
71055
34973
70664
53377
101945
50332
12630
9956
9044
34482
28053
104316
93419
104566
8438
42480
80787
26434
98200
80704
15380
19165
103026
10990
49044
62024
38669
13005
95405
31390
46973
41065
33531
90678
99492
106750
94490
45139
61782
60232
52066
33458
48190
7581
4565
73698
108050
89417
72041
68560
88207
67251
29064
77156
47480
87173
43626
59017
36421
90272
72016
51933
45694
25416
101439
74688
89628
27347
101976
74334
12662
15206
8658
49294
104697
63497
5173
11574
14365
12826
74086
51121
4935
66121
44194
63926
8183
47474
55807
91004
14846
40442
25391
80281
10348
21738
107853
4494
108337
69841
36228
91270
82334
30970
66608
51726
10288
34799
78657
51630
81826
71557
25392
84084
85535
35918
55804
63927
73001
65998
89168
52772
35237
15012
17279
74527
36536
70841
58780
28651
80296
14426
107680
89948
28766
856
1619
21243
786
102246
36399
68417
107576
83466
17021
70992
17998
28313
89117
101165
81222
10945
19412
108260
81163
81590
77570
94288
58463
63764
10599
70751
61023
35358
21388
1481
58147
18658
107951
101579
22311
65863
97925
38860
84431
95321
58111
92620
67832
35363
107507
64831
27278
25356
59000
7906
18446
81761
108073
89304
40526
37491
56575
14956
30864
10577
47563
32413
43506
57359
46145
88327
63203
79487
52174
23606
19793
53631
103339
40725
4338
40075
5905
37964
70052
62931
51604
66273
71296
26070
101239
38582
77355
78399
75888
107274
22905
8919
11451
34391
88604
66193
11206
80518
50860
73047
84686
90894
91776
23748
90967
3150
99806
1291
11952
21667
30127
10267
1678
90243
5617
87132
76777
1348
51062
32692
11800
74672
61818
80233
33601
58103
92258
56148
77337
86290
70140
68104
78829
2403
41448
15942
73857
63020
10065
65539
52729
7435
46353
59825
18466
68120
48739
52088
1268
76956
95134
107704
15973
95028
76126
98906
12728
107797
82503
33134
92807
94064
35000
13317
4347
37325
88268
70524
94210
10221
6719
94112
53703
38957
27263
6588
51230
29699
47647
23562
108461
21768
93402
104925
29901
82679
82008
28628
76593
15922
11037
52778
32204
23172
72370
51100
92062
45567
70952
50627
99157
74107
25057
24032
52422
3526
82373
32499
19072
32748
5346
82602
101388
4895
72378
106907
63937
74744
47873
36784
41193
37290
3245
47903
26399
52829
81965
41082
56294
54918
65239
57093
86561
70627
13171
60135
17698
9477
62527
19562
102333
47332
46359
82940
13456
25847
90804
74033
39459
41109
73853
46116
98656
95806
95005
23116
22217
33485
96097
86513
10528
26304
65683
27156
63070
70427
13120
31669
51425
75548
27377
15427
81661
12121
84896
27356
82872
95085
3954
99952
36181
48750
47164
24683
105084
70856
12408
50031
60731
617
32440
22246
71155
7819
90893
80662
76908
76879
72336
17109
53611
42231
20239
62547
28826
68955
73880
89341
104928
102687
75083
73092
15478
64617
201
31624
48838
17885
46439
72647
7556
67231
61294
23185
13268
83149
97561
8502
25417
68700
84234
43823
102608
5699
60342
35141
23089
1288
59866
92044
11212
101306
871
92540
23646
30311
6328
98927
8263
46379
60152
69173
441
30032
107848
28111
87901
21346
45629
22953
46622
4295
11809
70896
74081
81722
29244
14939
5308
107436
70982
108153
105069
50236
61758
2006
36007
6590
52833
94304
92249
91152
105182
50838
33957
75842
93661
46294
19627
60124
16297
22526
8758
58788
94460
34694
87041
6919
17742
32906
37238
44860
20834
60035
85844
62788
79549
32779
98626
51672
71577
2382
53005
94707
84753
76905
1015
5929
105816
18182
64384
100225
55278
67181
85279
25029
103493
86179
65702
21815
25696
107079
49434
77302
64933
1019
63332
73622
7373
103790
74033
82033
19511
105894
67024
77446
44027
66978
63612
79950
68318
5451
27044
91405
17466
4225
9907
59137
86969
39497
73411
80649
43738
9331
4242
14298
63160
5847
326
47074
102328
105136
60074
89373
89347
47579
69314
23202
93094
62672
77588
47820
32215
77048
15887
44501
3780
81148
18162
53050
17506
65142
91771
13572
88842
94798
106244
57034
9461
46250
91642
34166
99637
68434
4104
105520
106564
1673
106783
90861
59435
38801
47357
63172
83557
62431
53982
51525
41719
85097
94189
64694
17646
30358
58295
93043
60720
5974
34060
82162
73953
37087
77294
43265
55597
78501
58563
90399
62697
51419
1539
108082
61649
88425
18460
35935
73408
79225
85266
84104
72869
36866
43029
88988
91758
74998
21063
100029
82181
33029
51433
35027
23464
61219
3299
100825
19997
77947
60966
17682
107807
102380
66131
100538
10756
60578
83851
51972
12012
28914
92125
91128
52524
41026
47833
71608
59553
72633
74004
20518
4093
58300
92565
33975
21457
36824
18583
103034
48088
44307
52469
102497
3461
63751
15992
26552
96359
18256
69664
16065
51993
103428
20674
3603
46549
42498
5581
42345
63229
78940
37257
94955
33680
102264
52113
29522
37497
25986
40639
6162
35263
82976
99100
70549
50896
87398
103896
98776
9795
98838
92940
95299
42447
71460
8390
43283
87249
13151
71637
102430
71981
66816
89366
88332
70128
18513
52688
51308
14956
78780
101316
51529
39265
21227
94947
42363
99225
77308
105104
16888
66191
67655
29299
92638
47581
105358
30185
34211
81364
11216
91282
104562
8585
4950
107124
57333
69864
61675
7794
83462
367
129
38057
80619
2173
90716
61997
10682
33125
50862
17513
49956
23644
72182
60849
96378
72723
45802
11412
63459
62821
65661
77139
60735
97757
44425
30320
86808
2131
77287
106090
106680
95059
30800
53082
88742
22518
36044
38822
6073
29028
75078
35390
967
1426
98302
8819
51401
9966
43767
13926
86691
67008
99704
87185
94808
83029
80615
94875
61377
49864
35791
39018
54717
2797
102367
72324
94573
84200
45675
31640
83189
53890
29957
108386
62929
91477
53605
76419
36293
84556
39935
20654
82551
8308
106523
71331
39990
21913
48895
71190
71453
37348
8502
9273
58007
65452
84298
58553
105384
50639
87281
2341
83852
84358
85109
28504
11070
64170
93330
38631
29198
42036
7621
11705
63469
59691
33273
71825
64655
81701
98835
72360
96218
2295
9850
51545
98007
36472
23359
22663
41203
68211
74046
17703
26097
99368
46031
107333
75768
3048
9811
95589
30602
41688
16410
22853
90605
105110
5612
95613
10711
65184
60735
76810
24219
36503
31799
213
103875
74390
4812
17929
15162
108094
52020
71032
8674
84759
54932
38996
40964
97682
70187
90826
85379
88858
38762
32801
98656
35117
16272
46248
10888
80760
54901
54945
64667
90084
8197
73361
37
28416
45909
34998
85373
20181
41918
96800
52441
100222
105433
57573
77885
93888
45997
8876
28575
33595
67095
12550
22034
100732
106042
82365
76259
2858
60560
18328
88826
100836
41012
40845
89996
91655
90506
9990
50577
12351
50095
24666
23515
22891
82311
80202
91986
11821
46708
72197
26488
54837
15829
38061
102435
83556
82047
76399
105503
54667
10883
97548
57467
107854
84647
13133
70243
52388
84512
104552
100672
46591
55050
87336
10124
70520
10006
90800
72545
60860
21057
68974
88855
11877
61871
72853
89695
90107
93853
49575
82019
39660
95748
44485
85608
72236
58867
40582
59493
91958
26104
49234
96087
24978
96959
58470
49615
28449
102827
76617
46740
53174
74677
6592
34627
41390
56901
37124
70566
102709
53551
61149
107975
9991
26212
108005
60942
85397
15395
4543
44406
14636
92008
35846
40916
46391
45752
5384
93209
320
87068
103933
29827
21295
35341
50548
64265
87453
47313
26525
107183
98856
82887
18169
62420
97747
107498
102814
93122
63458
65680
80829
16711
47566
92424
71294
40782
25460
81758
64717
30299
97707
43088
108208
93996
61017
39584
1865
82144
17519
70174
31254
79434
102934
57141
25382
950
10722
91261
88945
99314
185
54928
31456
27477
49309
96900
70361
78865
72544
107608
73125
56901
40768
62106
103350
71378
42288
43088
18286
19890
70867
27017
12142
50988
38469
58687
43658
26799
48598
36465
44720
59469
37395
107536
75420
62852
14419
22051
72716
105873
66590
78703
53298
52679
39126
102092
107883
100329
95936
102640
65118
29191
972
46611
7152
29512
104120
50605
62959
95906
1102
87192
88906
77357
26120
105185
82224
46587
13578
58866
3508
53792
45096
56510
52512
16860
80243
7480
36857
45797
105287
18444
76122
22478
96247
25415
20350
40136
16219
106066
55151
41023
81009
9398
74825
69815
23802
30424
81363
60089
64842
69655
79656
49905
29697
40292
80124
64596
29954
13977
39886
100040
92762
568
71603
69726
93064
35607
54897
53688
21444
98159
308
63810
103319
26778
86370
32240
101605
96469
68866
32653
40320
47305
93167
62254
100971
87530
75616
47083
41905
21451
12538
72602
38433
95965
83839
58800
2118
42710
91933
106048
66854
24142
104270
96410
95280
103407
86615
88834
75630
78377
4254
50025
82096
34207
15834
97598
103199
96077
52371
35920
27364
75913
30845
33049
18721
81607
88063
5133
56081
93248
101156
59926
64429
41720
105464
106866
66648
11910
64201
86724
7923
68702
31647
10774
44908
100271
35243
7491
13922
74705
72979
14126
78603
11755
88208
27235
32990
24285
76831
73993
79810
16101
99230
21154
91317
92038
70528
9679
27991
65452
46015
74115
24396
94629
84303
45840
86145
64857
26169
78547
57960
101143
29361
70349
57673
97225
18683
98703
19985
87550
48328
45534
62849
3063
76528
25783
40063
25172
100937
104390
65440
34003
86406
74309
63111
82340
18968
102653
97085
31699
6372
74687
47627
49679
2567
67307
85658
26348
21939
31546
93421
55588
79531
28698
51876
82166
29082
97560
51558
47444
18371
68520
43007
67929
59378
41418
94966
51593
42704
10458
58899
34367
69135
80057
21826
31941
63454
101846
101373
7712
21561
102120
79859
42507
66932
13679
94322
94501
323
86794
65058
55622
103497
97715
14468
59748
108178
86936
25587
67192
53577
38084
100788
79202
17188
7674
33871
94028
91323
11268
2892
45515
53548
4682
84671
14883
42223
71504
51446
80016
19510
64456
90577
63355
98221
11986
33664
77470
82351
23349
33623
83898
50335
60622
71424
14579
40072
995
82297
45055
94010
86037
5569
6506
86497
6719
67289
22814
12565
26937
107867
85145
97005
98149
105020
22880
34440
23977
13857
10691
70747
75516
54459
55470
65509
7702
75823
101000
42979
96962
103385
46853
72509
90480
2000
53775
3216
26344
73510
20960
12889
91110
67078
71773
35254
83738
1410
64013
20852
35378
474
45661
42719
32195
44829
56108
61319
46139
15104
29356
39550
70876
36395
41817
21317
59305
51405
53741
70704
35569
107132
100953
71660
45116
92279
78883
31581
85293
44518
95968
52387
6622
38103
64086
56112
4914
104380
45587
48985
74963
89087
39733
30854
65819
57862
36524
62925
80619
95147
12613
29683
81501
41119
31588
10136
22962
8318
87542
41783
18080
8598
89534
76667
39015
6832
37286
10764
87422
86943
12446
86027
3922
48595
84740
74170
1551
71993
89193
14877
1026
3832
15187
53908
99080
76881
91727
95177
80479
80522
22297
27352
82006
8171
82950
96447
99149
93034
8440
65198
32646
15433
100558
95112
92731
49717
83413
96757
27729
6932
66428
99831
64561
93786
64386
46299
33531
21549
84886
44156
86580
59574
62536
48194
70736
36557
4872
68429
7778
35430
11937
91365
13359
75062
9143
79767
22621
20450
30159
38711
31483
100787
6085
92519
71613
44201
76894
93472
107678
92982
101239
33149
67195
40625
52957
9241
54469
108073
8051
81173
49899
1135
58745
105679
57738
69732
82320
44811
83637
90240
45728
94879
81310
95027
106415
86337
2606
78499
54908
24018
54637
105744
31655
78349
97471
40626
68817
90816
79395
83490
3424
75691
80591
17510
45406
60325
98090
83644
2577
97660
20746
30281
22680
26984
13551
45388
99161
87714
97815
94902
20246
86603
76743
71106
70062
13600
51393
84831
77077
70377
99137
2231
38500
2975
79124
71671
67685
37651
8594
72805
96049
84241
20765
102841
79930
23108
53008
87376
96072
43854
70525
63960
87731
43034
73621
23799
105906
28600
53783
75766
39154
99063
20702
79817
64163
9873
65186
26579
53538
36452
15902
54236
22152
87112
8096
98315
48514
29253
13515
71048
65027
84633
61164
15616
50276
103073
37272
29467
91772
29508
77425
27743
71388
79900
24635
54768
22100
57001
88285
94739
1957
15033
56206
4547
97158
56133
32752
1159
34067
100490
30640
48994
32535
49941
80594
70609
89206
108061
29779
6117
58356
65827
76257
14968
88675
65089
64512
56136
96587
44520
69863
40482
18607
39949
91100
79266
93280
58295
30407
34185
18765
53677
86109
99345
1685
48251
77996
79764
38851
79637
26552
26677
104188
102274
106362
5524
26089
67306
81546
18813
57988
81991
76689
53721
58003
31606
105833
83813
22992
104956
99816
88716
27311
12256
49008
2484
2163
56093
88180
108216
36711
51649
70382
71864
9655
22905
90805
102577
93769
100711
4707
62974
84581
14410
107900
103727
78810
96927
80478
86602
72944
71129
95954
41847
22408
72603
75524
7787
83333
14895
43764
27678
90023
74859
59487
57384
5724
72777
105058
80834
24004
66666
27770
105628
58778
88249
37517
32252
56619
89303
33140
65661
5834
20225
21800
2033
82699
442
71825
104361
5284
25721
7430
81151
42479
59037
37349
86599
59063
64756
106270
37924
75606
100520
30204
37071
108127
54920
1021
66631
35147
103272
30597
6673
32420
17503
83229
84887
19848
43104
87663
42856
82558
40063
17136
50101
58116
10017
49763
29643
42527
37004
16282
80803
70651
34341
50663
82953
82938
34509
53224
1141
59806
95243
3233
67198
26804
94254
57398
61129
107462
50184
50895
79747
28316
93727
42352
77258
45819
58188
19053
37402
108211
18393
97147
30320
14618
44783
105135
97990
55258
55990
3552
15733
31261
74247
50729
48692
59766
45932
55578
33580
27468
81716
10057
53047
76662
57991
45238
37294
29246
2
70101
106284
85424
85481
20052
20533
7987
14969
12406
31401
22585
61490
49566
52477
95161
20618
54645
81411
16860
99853
11759
24078
42730
17682
16056
72252
74560
13398
541
49436
107311
95912
88246
77284
95056
62698
76354
20653
62526
35678
28487
98322
16632
47721
102687
105030
10134
26009
27964
93257
59722
78488
41251
54988
56094
15239
27310
8448
107416
22557
16898
47200
92955
23042
1952
52838
38897
14125
45293
36638
98300
9949
65140
66979
101106
97574
83767
100945
51745
89113
74493
50778
88719
91245
81327
105504
64297
38794
9504
65177
13642
40541
43120
37942
108014
102724
38800
64231
59262
44913
71556
60024
6118
40039
106355
68068
41035
83066
6066
94123
77264
81195
71519
46366
40429
41617
44891
8643
78650
36280
6269
4578
56914
53148
29366
3588
66617
84028
64267
22168
88701
100461
66698
91033
88142
35153
75515
90518
93482
66903
43858
45504
13313
102975
5388
38310
47912
85436
62988
107112
30196
8352
5387
28127
88453
27752
2299
45873
21706
81077
35884
57242
32406
1850
26721
80732
28344
13432
95322
30624
96213
64633
12953
2814
98446
97278
36442
26749
22592
78572
85241
20838
25523
92162
106344
86642
22492
12349
16158
7985
62100
2698
48626
91441
18972
96038
47748
16501
35232
11684
66561
22614
18822
32146
59828
104882
4034
100530
92214
3990
12928
1307
81645
44670
40146
89563
68444
48337
55193
43992
94748
36030
56486
36102
5649
97896
66429
49548
47664
34927
41642
45843
87000
50257
12822
37529
45936
11283
70751
17351
27234
46654
89103
3259
54574
5514
73274
21797
31201
77531
11188
49679
67327
21624
58898
82744
81155
49249
87585
9972
38120
105540
15179
84007
67191
99661
19978
35208
20347
97510
34811
101611
14804
95935
47128
39284
39117
48763
5980
17902
37201
89837
52465
5604
100284
50483
84580
34687
65527
81753
96751
28771
7377
3021
44416
67004
81793
27674
37987
90978
103334
89550
90965
80538
74064
46528
77981
73929
33537
56917
28141
105282
66188
43889
17815
49347
83038
68097
95119
61138
36611
59426
43549
95216
15959
100806
52720
104669
46879
76436
4136
108249
84713
49357
69839
89651
9768
42859
33606
104413
81300
3103
28986
6117
95275
22483
45657
32434
93527
52731
60445
66858
99614
76531
44527
62153
67568
72128
15755
43319
61659
53114
1997
83410
13210
23723
29135
96302
98381
57704
101688
60963
43569
63190
49051
43247
53194
22122
15506
32563
65350
97091
26583
70518
97765
104514
77177
40483
71732
45857
30202
93355
81852
10742
38422
93934
81171
35198
82484
100416
42590
46498
103945
56186
39556
89017
53356
8729
94836
56879
60999
6200
70981
78281
95894
22460
65871
30145
62686
46231
76503
61889
29528
46278
51830
18370
96529
5851
99924
104441
96223
22192
13812
23879
83763
101868
47973
82064
2160
72377
41762
14218
41929
66331
3235
67802
83835
25747
95125
82503
105861
55271
27509
3410
2231
75807
37139
12638
14945
88943
62931
52489
8248
100041
102013
12147
64632
3034
102421
4289
8127
5432
89663
78442
30142
33607
92098
9604
101508
100421
64356
38134
28692
54347
95358
87134
86823
68419
62236
92222
44243
83148
76915
68573
34771
40400
15060
37255
38595
90005
16765
71777
47949
87224
21727
107817
106506
17356
84692
31541
57423
84717
96502
77367
84435
6125
29814
66580
18267
97079
91291
19949
16639
51268
65684
49536
34359
30542
25176
26529
73494
106910
107860
68135
25343
29477
77360
92809
107412
95725
48281
82984
106032
96695
79557
44926
20632
3630
15224
8290
66729
98973
38600
9098
86417
54978
32156
68160
78639
90873
10600
86213
62858
5100
76038
29095
24731
17533
40271
96147
43249
96314
30752
71111
74190
62714
79902
105173
53351
107031
41577
34456
14296
31692
7872
33470
42402
75459
82612
20167
71247
43504
39209
24909
81158
21189
8718
88181
21985
100202
12720
11118
63184
95472
71598
75721
29530
100427
92376
98866
37460
73857
88822
11547
47810
84578
14504


