90
609 6227 
3523 95705 
5474 81955 
6216 86269 
8953 69697 
10910 55625 
12112 16213 
14599 58933 
15546 58871 
17772 95042 
18335 73821 
19375 53764 
21233 58840 
21244 69031 
22576 81977 
23060 97852 
23962 46980 
26562 77983 
26638 81261 
28357 12968 
29571 26145 
30822 11115 
31079 25668 
31341 56243 
34024 98782 
35279 53762 
38617 90809 
39777 65452 
39846 49714 
40891 7875 
41610 70067 
42338 83491 
42435 12205 
43249 67201 
44135 34219 
46513 92198 
47363 43382 
49198 26883 
49318 12840 
49537 58582 
50769 52683 
54726 96802 
55103 45737 
55755 92297 
56091 78226 
58026 42700 
58103 96820 
58381 48876 
60097 13774 
63552 4834 
63651 24684 
63779 75977 
63951 29065 
66804 30234 
67571 40556 
69326 57472 
70045 90793 
70286 44319 
71167 7792 
71327 28727 
71388 90963 
73342 51738 
73459 30041 
74247 72743 
76514 36621 
76868 93632 
77885 94795 
78233 30682 
79940 89397 
81404 24041 
82403 64925 
82699 53150 
83763 25968 
83794 24433 
85235 70816 
85724 53911 
88211 94214 
88407 12671 
88992 30754 
89337 60761 
89560 66511 
89794 2304 
91220 30271 
93013 59106 
94165 76465 
95539 55217 
96707 46148 
97616 22310 
98644 48199 
99139 12055 
